0.301583 
0.296852 
0.291387 
0.295531 
0.294731 
0.290449 
0.292783 
0.289578 
0.292770 
0.298887 
0.305073 
0.308852 
0.310719 
0.300534 
0.303113 
0.306825 
0.310487 
0.312809 
0.312063 
0.307741 
0.306786 
0.305023 
0.303156 
0.301453 
0.300881 
0.295171 
0.294638 
0.294546 
0.294507 
0.294467 
0.292341 
0.290067 
0.287370 
0.285400 
0.283595 
0.281830 
0.279647 
0.277219 
0.275615 
0.271472 
0.265041 
0.257943 
0.251624 
0.246450 
0.232432 
0.226496 
0.217971 
0.205861 
0.194021 
0.186537 
