   10.000000000000000        4.0522585552540819E-003
   10.471284866333008        3.5644991869576959E-003
   10.964780807495117        3.1359780101089508E-003
   11.481534957885742        2.7596114812317644E-003
   12.022645950317383        2.4291190040660634E-003
   12.589254379272461        2.1389862122510946E-003
   13.182567596435547        1.8843198130857625E-003
   13.803842544555664        1.6607715330908017E-003
   14.454396247863770        1.4644133497127537E-003
   15.135614395141602        1.2916815457236640E-003
   15.848933219909668        1.1398295145214989E-003
   16.595870971679688        1.0062820481906585E-003
   17.378007888793945        8.8869512162054686E-004
   18.197008132934570        7.8505681661338576E-004
   19.054605484008789        6.9355296192319307E-004
   19.952621459960938        6.1278022269567803E-004
   20.892957687377930        5.4136417553886211E-004
   21.877618789672852        4.7821621662137454E-004
   22.908678054809570        4.2232154653124097E-004
   23.988328933715820        3.7288148816455808E-004
   25.118862152099609        3.2913058859795620E-004
   26.302677154541016        2.9030493299664307E-004
   27.542289733886719        2.5594564910030415E-004
   28.840316772460938        2.2553966156607874E-004
   30.199518203735352        1.9863495594359576E-004
   31.622776031494141        1.7484293177435215E-004
   33.113109588623047        1.5382716128651256E-004
   34.673683166503906        1.3528667796407074E-004
   36.307800292968750        1.1894684066019201E-004
   38.018932342529297        1.0456461678617119E-004
   39.810718536376953        9.1920880864681639E-005
   41.686939239501953        8.0813210080472333E-005
   43.651580810546875        7.1057728523377998E-005
   45.708827972412109        6.2489744881404161E-005
   47.863018035888672        5.4962613721607260E-005
   50.118728637695312        4.8350125381238272E-005
   52.480751037597656        4.2541028650017476E-005
   54.954090118408203        3.7436591523436914E-005
   57.543991088867188        3.2950920840549437E-005
   60.255954742431641        2.9008239953138414E-005
   63.095726013183594        2.5541920770994974E-005
   66.069335937500000        2.2493450485250719E-005
   69.183082580566406        1.9811746132593919E-005
   72.443595886230469        1.7452266194616210E-005
   75.857757568359375        1.5376016247870477E-005
   79.432815551757812        1.3548733436128387E-005
   83.176391601562500        1.1940580526966111E-005
   87.096366882324219        1.0525111270815602E-005
   91.201095581054688        9.2789449377435544E-006
   95.499259948730469        8.1816265068571507E-006
   100.00000000000000        7.2152029908234744E-006
   104.71285247802734        6.3639088213813400E-006
   109.64781188964844        5.6138523080682640E-006
   114.81534576416016        4.9528623630040221E-006
   120.22642517089844        4.3703451251395932E-006
   125.89251708984375        3.8568839417292949E-006
   131.82563781738281        3.4042305080076704E-006
   138.03839111328125        3.0051031923413902E-006
   144.54393005371094        2.6530970763054177E-006
   151.35606384277344        2.3425505607527214E-006
   158.48933410644531        2.0685865979533512E-006
   165.95869445800781        1.8268316649641235E-006
   173.78009033203125        1.6134630637965460E-006
   181.97007751464844        1.4251055688127038E-006
   190.54606628417969        1.2588126000138211E-006
   199.52621459960938        1.1119899263537838E-006
   208.92970275878906        9.8234830747222352E-007
   218.77624511718750        8.6787225339920697E-007
   229.08683776855469        7.6678029547427884E-007
   239.88336181640625        6.7749946277070589E-007
   251.18870544433594        5.9863478691699962E-007
   263.02685546875000        5.2896812272053569E-007
   275.42291259765625        4.6743561157605808E-007
   288.40316772460938        4.1307989134758936E-007
   301.99517822265625        3.6505586680612443E-007
   316.22775268554688        3.2263195067300405E-007
   331.13110351562500        2.8515185470688328E-007
   346.73681640625000        2.5203394333879706E-007
   363.07800292968750        2.2276707993879070E-007
   380.18933105468750        1.9690586835308550E-007
   398.10708618164062        1.7405156024086480E-007
   416.86926269531250        1.5385455611402792E-007
   436.51568603515625        1.3600347179794452E-007
   457.08804321289062        1.2022686143219730E-007
   478.62991333007812        1.0628407758333247E-007
   501.18728637695312        9.3962901951341604E-008
   524.80749511718750        8.3073454396384895E-008
   549.54089355468750        7.3446241154307971E-008
   575.43994140625000        6.4934527802193190E-008
   602.55957031250000        5.7409665078370147E-008
   630.95727539062500        5.0757514226460956E-008
   660.69372558593750        4.4876818228710523E-008
   691.83123779296875        3.9678213036216275E-008
   724.43615722656250        3.5082438015656885E-008
   758.57775878906250        3.1019510380266857E-008
   794.32843017578125        2.7427689872441980E-008
   831.76391601562500        2.4252308303630339E-008
   870.96368408203125        2.1444965306123368E-008
   912.01092529296875        1.8962862258294202E-008
   954.99261474609375        1.6768204132966736E-008
   1000.0000000000000        1.4827582854276498E-008
   1047.1285400390625        1.3111729837475714E-008
   1096.4781494140625        1.1594693397935869E-008
   1148.1534423828125        1.0253338382624057E-008
   1202.2642822265625        9.0672729279531150E-009
   1258.9251708984375        8.0185434779661855E-009
   1318.2563476562500        7.0912544687402090E-009
   1380.3846435546875        6.2713083447802424E-009
   1445.4400634765625        5.5462644703555488E-009
   1513.5615234375000        4.9051139803791517E-009
   1584.8933105468750        4.3381478376588827E-009
   1659.5870361328125        3.8368041624264485E-009
   1737.8009033203125        3.3934613958194648E-009
   1819.7008056640625        3.0014340890540626E-009
   1905.4605712890625        2.6547533620194984E-009
   1995.2620849609375        2.3481555633055700E-009
   2089.2958984375000        2.0769970946906507E-009
   2187.7612304687500        1.8371767542843729E-009
   2290.8671875000000        1.6250708412185684E-009
   2398.8334960937500        1.4374719234053122E-009
   2511.8869628906250        1.2715454985038696E-009
   2630.2685546875000        1.1247806997908122E-009
   2754.2290039062500        9.9496009216593442E-010
   2884.0317382812500        8.8013217949621261E-010
   3019.9519042968750        7.7857041156823880E-010
   3162.2775878906250        6.8874062005631437E-010
   3311.3110351562500        6.0928077775614019E-010
   3467.3681640625000        5.3898945885757257E-010
   3630.7800292968750        4.7680920925967183E-010
   3801.8933105468750        4.2180374246911779E-010
   3981.0708007812500        3.7314491829806448E-010
   4168.6928710937500        3.3009859417086003E-010
   4365.1591796875000        2.9201678936843955E-010
   4570.8828125000000        2.5832841426872415E-010
   4786.3017578125000        2.2852520391086256E-010
   5011.8730468750000        2.0215792125390302E-010
   5248.0747070312500        1.7882995425596370E-010
   5495.4086914062500        1.5819243839185350E-010
   5754.3994140625000        1.3993251910884938E-010
   6025.5957031250000        1.2377692720912886E-010
   6309.5727539062500        1.0948369873371392E-010
   6606.9335937500000        9.6838520689536295E-011
   6918.3081054687500        8.5651636280188198E-011
   7244.3579101562500        7.5754730897364794E-011
   7585.7778320312500        6.6998866966426432E-011
   7943.2841796875000        5.9252700459550125E-011
   8317.6396484375000        5.2399825132106919E-011
   8709.6367187500000        4.6337469925791280E-011
   9120.1093750000000        4.0974270738232865E-011
   9549.9267578125000        3.6229469782690811E-011
   10000.000000000000        3.2031821217108036E-011
   10471.285156250000        2.8318279055316942E-011
   10964.781250000000        2.5033119677226416E-011
   11481.535156250000        2.2127055501895690E-011
   12022.642578125000        1.9556377081407950E-011
   12589.250976562500        1.7282276482426315E-011
   13182.563476562500        1.5270549094077855E-011
   13803.853515625000        1.3490947333413474E-011
   14454.392578125000        1.1916810578026010E-011
   15135.623046875000        1.0524390580271640E-011
   15848.924804687500        9.2929203135606892E-012
   16595.878906250000        8.2036771024383487E-012
   17378.000000000000        7.2403396332315001E-012
   18197.017578125000        6.3883957781396792E-012
   19054.595703125000        5.6350738579833769E-012
   19952.632812500000        4.9689404782483810E-012
   20892.947265625000        4.3800113940188109E-012
   21877.623046875000        3.8593490221543500E-012
   22908.658203125000        3.3991564103217436E-012
   23988.335937500000        2.9924509451562424E-012
   25118.869140625000        2.6331234349599000E-012
   26302.683593750000        2.3157210843444861E-012
   27542.291015625000        2.0354224810626891E-012
   28840.318359375000        1.7879691200200379E-012
   30199.517578125000        1.5695946040003804E-012
   31622.777343750000        1.3770063828391288E-012
   33113.109375000000        1.2074587898529707E-012
   34673.683593750000        1.0582438705614500E-012
   36307.800781250000        9.2696515347453285E-013
   38018.933593750000        8.1150919716183647E-013
   39810.707031250000        7.1001421381845403E-013
   41686.925781250000        6.2083376383631426E-013
   43651.617187500000        5.4250595478938641E-013
   45708.804687500000        4.7374916036977627E-013
   47863.042968750000        4.1341343123636673E-013
   50118.703125000000        3.6049927314328837E-013
   52480.777343750000        3.1411922592131829E-013
   54954.058593750000        2.7348988584228670E-013
   57544.023437500000        2.3791561679451096E-013
   60255.921875000000        2.0679014371477266E-013
   63095.761718750000        1.7957256866436780E-013
   66069.296875000000        1.5579089982483837E-013
   69183.125000000000        1.3502406683660171E-013
   72443.539062500000        1.1690528636598744E-013
   75857.781250000000        1.0110502077707201E-013
   79432.843750000000        8.7337783357475940E-014
   83176.390625000000        7.5352108135622470E-014
   87096.367187500000        6.4927334431965219E-014
   91201.093750000000        5.5869036023179058E-014
   95499.265625000000        4.8005428043551059E-014
   100000.00000000000        4.1185207198628345E-014
